1 101.3 708.5 49.6 47.4 105.7
2 158.4 641.1 12.3 10.6 133.9
3 158.5 684.6 10.8 10.1 88.8
4 185.0 624.1 13.4 8.8 167.7
5 200.2 535.2 26.5 17.9 22.7
6 202.6 667.5 20.7 14.5 122.3
7 228.0 632.1 20.3 13.9 146.3
8 252.3 484.4 45.1 43.5 18.0
9 262.8 731.2 55.4 48.3 175.7
10 265.3 569.4 46.7 37.4 148.8
11 327.5 400.1 43.1 25.8 7.0
12 326.3 653.9 16.7 13.8 166.6
13 335.4 797.8 29.1 20.9 2.7
14 351.8 581.1 20.5 18.9 28.7
15 363.4 494.8 49.8 48.5 0.1
16 365.9 698.9 17.0 15.5 64.5
17 381.0 339.3 41.7 31.6 114.2
18 390.4 815.4 22.7 19.6 161.1
19 390.5 426.2 18.0 16.5 172.1
20 425.0 386.0 28.7 21.0 112.3
21 436.4 819.5 19.7 15.0 43.6
22 456.4 556.1 48.8 37.9 178.3
23 455.3 275.9 39.2 33.5 109.6
24 454.2 340.6 16.8 13.3 5.2
25 474.4 847.4 20.9 15.7 31.7
26 482.5 494.3 24.2 14.6 2.3
27 482.3 729.8 56.3 51.1 162.3
28 488.8 437.8 72.4 30.3 169.6
29 508.3 833.1 19.6 12.5 31.2
30 515.0 200.1 48.2 29.0 126.5
31 514.2 341.5 61.2 39.3 95.9
32 519.2 521.9 15.7 13.2 146.6
33 530.4 481.9 16.0 14.6 86.9
34 551.6 131.4 23.9 19.0 72.1
35 551.3 893.9 26.1 13.3 17.1
36 553.4 639.7 33.8 23.4 52.9
37 561.4 241.8 39.3 25.2 168.8
38 559.1 807.6 36.6 15.4 177.2
39 563.9 387.8 19.3 17.6 142.0
40 568.4 854.2 35.2 21.2 26.7
41 573.9 329.5 15.7 11.3 106.5
42 579.1 288.5 16.1 14.2 133.3
43 593.7 900.0 16.3 14.0 116.3
44 593.3 352.2 15.1 11.0 113.1
45 592.2 540.4 21.1 17.1 38.3
46 603.7 712.3 19.1 17.3 95.6
47 606.8 182.6 33.8 29.2 111.8
48 607.9 306.0 17.6 11.2 105.9
49 613.5 448.3 14.9 13.0 126.9
50 615.4 484.9 17.9 12.5 145.0
51 623.9 937.0 33.1 15.0 51.1
52 627.0 398.6 11.8 11.6 166.9
53 632.7 586.6 16.5 13.7 36.1
54 641.8 533.8 17.9 11.7 66.2
55 641.5 770.5 33.1 23.2 33.9
56 644.2 463.9 13.3 11.0 129.8
57 648.1 695.7 21.7 16.6 141.2
58 650.5 497.8 13.8 11.0 9.1
59 674.0 899.7 29.4 17.5 128.0
60 677.2 590.3 21.0 11.3 173.1
61 682.2 802.0 24.7 15.3 156.4
62 690.7 289.8 32.4 20.1 35.7
63 688.7 739.6 22.4 15.4 111.7
64 698.6 407.1 64.9 50.1 85.9
65 703.4 559.9 28.8 13.4 49.7
66 701.7 860.9 16.8 14.4 146.1
67 703.6 519.8 22.5 13.8 36.5
68 704.2 625.8 16.9 14.5 94.9
69 710.9 137.8 29.6 21.4 68.4
70 710.0 222.4 40.5 25.4 103.7
71 717.0 822.4 24.8 18.1 141.4
72 727.7 911.2 33.3 25.6 144.5
73 734.7 589.6 16.5 9.5 21.8
74 736.1 728.2 21.7 18.3 154.4
75 737.9 491.9 13.2 10.1 112.0
76 745.8 1016.2 47.0 40.7 89.9
77 749.2 93.5 13.3 12.3 118.8
78 753.0 853.9 19.3 16.7 54.1
79 754.8 792.7 20.3 18.0 72.1
80 758.8 287.5 35.1 29.0 75.6
81 761.2 183.9 19.2 13.7 73.7
82 756.9 633.0 21.5 14.5 131.8
83 774.4 231.8 27.9 14.8 52.9
84 783.2 349.7 12.9 11.8 147.9
85 789.8 943.0 33.3 19.1 23.6
86 794.1 427.8 13.5 9.7 118.1
87 806.0 620.8 28.0 16.5 26.9
88 814.1 516.6 72.8 59.5 138.8
89 815.9 375.8 17.1 13.1 26.8
90 817.9 174.6 14.1 11.8 116.4
91 820.5 815.3 24.3 19.0 9.4
92 822.5 409.1 14.3 11.6 168.6
93 821.4 728.2 25.7 21.3 5.1
94 825.9 854.4 13.1 9.7 59.0
95 830.4 336.8 22.3 11.2 85.1
96 831.0 209.5 13.9 11.1 127.3
97 831.4 294.5 17.1 14.7 22.2
98 854.5 910.3 40.7 34.1 80.0
99 856.4 628.8 21.7 12.9 2.7
100 869.3 802.0 23.5 15.7 176.3
101 864.8 995.4 41.0 35.7 55.7
102 875.2 344.8 23.6 13.9 148.9
103 883.8 722.6 25.8 15.7 170.8
104 892.1 762.9 24.5 16.8 168.2
105 892.0 859.0 18.5 16.0 8.7
106 902.4 587.4 23.4 14.3 174.3
107 911.5 289.5 16.5 12.7 138.1
108 912.8 633.9 21.2 13.1 172.9
109 915.3 333.5 14.0 9.6 111.6
110 920.7 192.3 37.6 30.1 41.3
111 930.7 817.7 31.4 26.8 166.3
112 940.1 702.1 22.0 14.8 165.5
113 942.9 350.3 16.9 12.5 108.5
114 946.2 271.9 17.6 11.7 144.9
115 951.6 882.5 19.2 16.4 59.0
116 950.2 936.1 37.4 18.8 59.6
117 955.7 151.7 22.2 17.1 38.4
118 955.9 757.3 33.0 21.9 95.4
119 966.4 300.8 46.9 22.2 141.3
120 974.4 416.7 51.0 37.3 52.1
121 981.7 348.7 22.5 15.2 135.5
122 981.8 567.6 13.9 9.7 152.9
123 989.8 597.0 17.1 14.3 125.9
124 992.7 505.7 47.2 35.5 148.6
125 999.1 229.5 36.6 34.9 112.8
126 1000.4 693.9 26.4 24.1 155.8
127 1016.4 988.4 31.6 18.6 129.9
128 1022.0 554.7 22.2 15.4 149.9
129 1021.8 921.7 23.6 12.2 118.2
130 1042.8 859.4 62.0 25.0 133.6
131 1046.7 350.9 29.3 21.3 152.5
132 1055.8 604.8 48.2 36.2 153.8
133 1062.9 271.6 47.9 38.2 133.5
134 1066.4 892.4 42.6 15.9 136.0
135 1069.3 449.0 32.0 19.4 141.2
136 1077.6 923.6 37.6 15.8 129.9
137 1081.2 391.9 20.1 16.1 83.4
138 1092.9 755.0 63.5 42.2 156.8
139 1105.3 498.9 49.6 40.4 152.3
140 1117.5 333.6 34.7 29.4 93.5
141 1129.8 806.7 44.7 16.5 159.0
142 1126.5 851.6 46.0 19.5 149.1
143 1127.7 619.4 18.4 15.8 10.3
144 1150.9 403.3 43.2 35.1 6.9
145 1151.2 663.3 19.3 17.9 104.4
146 1179.0 562.6 50.9 46.9 160.5
147 1180.0 816.1 21.3 13.4 143.9
148 1211.8 468.9 40.6 33.8 127.9
149 1217.3 788.4 25.1 17.5 123.7
150 1218.8 707.2 25.1 16.2 126.8
151 1229.7 624.2 24.0 15.1 138.6
152 1244.5 664.7 21.0 14.2 157.0
153 1265.6 521.7 38.2 35.2 160.2
154 1265.8 601.7 13.9 11.1 105.6
155 1273.6 794.7 21.3 14.4 153.7
156 1283.8 632.0 12.5 9.4 124.0
157 1296.2 586.6 13.2 11.1 117.9
158 1304.0 715.5 54.8 46.5 95.4
159 1380.9 643.5 51.2 46.2 84.7
160 768.5 590.3 16.7 12.8 170.5
