1 254.9 987.6 89.1 74.2 55.6
2 311.3 697.7 79.6 54.4 114.2
3 332.8 795.9 33.5 28.4 153.0
4 354.3 1150.3 68.9 53.3 77.9
5 398.1 753.3 43.8 29.8 97.8
6 420.0 1005.2 38.3 37.5 130.4
7 434.5 655.1 42.3 37.0 152.7
8 444.2 1078.1 39.0 35.0 155.0
9 454.4 517.0 75.1 48.1 132.4
10 463.7 891.9 92.5 76.2 169.0
11 478.0 737.0 42.4 39.7 132.8
12 503.9 999.9 32.8 29.6 140.5
13 523.2 1131.6 26.7 20.9 129.3
14 531.2 579.0 71.5 53.9 148.2
15 533.4 1060.5 47.9 33.5 128.6
16 542.3 420.9 58.5 41.7 111.7
17 545.2 795.1 28.4 23.4 138.8
18 555.1 1184.4 26.7 22.9 108.4
19 572.7 682.7 66.8 40.3 148.6
20 580.5 833.8 27.9 22.7 99.1
21 581.5 946.0 40.9 32.9 1.1
22 596.4 1121.2 31.1 25.9 139.1
23 598.6 1270.4 24.8 18.1 19.0
24 605.3 1220.1 33.8 20.2 164.0
25 608.4 475.1 40.9 34.1 110.6
26 608.2 1070.7 28.0 21.1 2.2
27 613.0 788.2 27.3 21.4 80.8
28 617.7 600.0 16.1 15.4 8.4
29 628.4 886.7 39.6 37.8 88.3
30 630.7 355.3 56.3 46.4 112.1
31 635.8 1004.4 42.6 37.8 143.8
32 635.6 712.8 27.5 17.5 158.3
33 641.8 1305.7 33.7 19.1 170.6
34 649.9 1254.2 30.3 15.8 171.7
35 658.0 529.6 58.4 34.2 142.6
36 656.3 1189.5 16.9 12.8 159.9
37 675.6 814.3 57.9 39.4 78.0
38 670.5 608.9 22.9 13.5 9.8
39 678.3 647.1 27.6 16.3 178.6
40 673.6 1129.0 25.0 22.9 115.0
41 685.1 1065.5 35.9 34.1 47.1
42 694.2 1178.1 17.0 13.6 157.4
43 698.1 702.8 31.1 20.8 158.9
44 704.3 1297.4 22.0 14.0 151.5
45 715.0 1257.7 24.2 17.3 11.3
46 715.1 274.8 57.8 44.3 104.2
47 712.6 1327.3 15.0 12.8 154.7
48 717.4 428.0 48.5 44.1 8.5
49 732.4 1134.8 23.8 17.0 0.4
50 735.7 1220.5 22.0 18.8 179.0
51 742.4 1091.9 24.7 15.8 117.8
52 745.9 1009.0 52.0 43.1 8.6
53 744.7 1308.7 11.2 8.8 122.1
54 750.0 656.6 27.7 21.5 10.2
55 744.8 568.2 58.7 53.1 173.6
56 763.6 912.7 54.6 46.4 141.4
57 759.0 699.0 22.9 15.7 11.0
58 769.3 795.4 61.0 51.8 127.9
59 768.9 1184.8 20.2 17.8 148.6
60 767.2 345.3 37.5 30.5 132.5
61 780.5 1274.2 25.1 18.1 7.2
62 780.5 481.8 35.9 24.8 0.6
63 810.4 1095.1 62.9 47.6 94.8
64 812.4 242.4 72.6 51.2 91.5
65 824.6 1229.6 33.0 22.3 162.6
66 831.6 1177.7 29.9 14.0 162.4
67 833.9 355.5 37.2 33.4 149.0
68 849.7 453.1 34.8 30.3 43.4
69 851.8 528.3 38.1 35.1 71.8
70 857.5 645.5 77.1 61.7 14.9
71 881.5 1005.4 67.2 52.1 28.5
72 891.1 769.9 62.3 51.8 165.1
73 896.2 882.0 73.5 57.1 162.4
74 1277.4 568.1 35.6 33.4 41.2
75 1276.5 932.7 53.7 45.5 27.4
76 1281.4 492.3 35.8 32.0 66.7
77 1289.9 414.1 38.4 30.7 96.1
78 1293.9 830.0 64.9 51.6 51.1
79 1298.3 1045.6 76.0 47.2 120.1
80 1317.3 657.5 66.0 56.3 15.9
81 1331.2 254.4 46.3 40.7 42.4
82 1342.1 351.8 44.4 32.6 79.8
83 1350.7 474.8 25.2 23.5 100.9
84 1372.7 1113.8 58.9 55.3 170.8
85 1384.9 549.0 58.2 44.2 176.3
86 1391.4 985.3 55.1 45.0 33.4
87 1393.1 1206.8 29.4 19.5 174.6
88 1401.6 772.5 77.4 57.3 3.3
89 1411.0 312.6 45.5 41.9 78.5
90 1414.7 895.5 52.0 48.3 37.3
91 1419.0 436.7 45.2 42.0 31.8
92 1425.6 629.4 39.7 24.7 131.9
93 1437.4 1237.4 24.6 12.7 12.4
94 1442.8 1180.0 21.6 17.4 16.9
95 1468.7 666.0 24.0 20.9 105.1
96 1473.9 1143.3 19.3 16.2 175.5
97 1470.8 1283.6 23.4 15.2 178.4
98 1470.3 508.1 34.2 28.9 42.7
99 1474.9 1049.7 47.5 35.3 146.6
100 1486.4 606.1 17.8 17.4 165.7
101 1492.6 1107.4 23.7 18.0 45.9
102 1496.8 349.1 46.6 42.8 25.7
103 1502.3 1180.2 26.4 17.4 22.7
104 1497.6 1239.5 20.3 15.4 155.3
105 1516.8 974.5 49.3 37.5 9.8
106 1508.5 438.1 41.2 33.7 86.8
107 1512.5 564.8 23.3 17.0 37.1
108 1516.6 653.2 21.9 16.3 76.0
109 1524.0 788.2 55.0 44.7 90.1
110 1524.1 1289.8 8.6 7.0 148.0
111 1531.5 610.7 22.8 18.1 42.3
112 1540.2 1157.2 19.9 17.9 138.8
113 1553.5 890.5 52.8 35.2 14.2
114 1548.7 1119.6 21.1 16.6 1.8
115 1548.0 1050.4 31.8 26.1 133.2
116 1564.6 1254.0 16.1 12.9 149.7
117 1565.6 1206.2 18.2 16.3 139.0
118 1569.4 1289.1 12.7 10.4 117.9
119 1577.7 602.7 16.3 15.5 116.8
120 1585.5 657.0 46.2 31.4 164.5
121 1590.1 425.7 52.4 37.9 43.3
122 1589.9 1166.3 22.3 18.9 146.1
123 1596.1 1103.6 21.8 18.6 4.7
124 1602.8 533.3 70.4 46.6 44.5
125 1608.3 758.3 23.4 19.4 161.3
126 1623.1 1039.4 33.0 29.6 34.5
127 1620.4 974.8 28.4 19.3 151.6
128 1629.7 1169.2 21.9 18.9 107.0
129 1635.8 1228.0 16.6 13.6 173.5
130 1638.8 801.2 25.6 22.0 138.9
131 1667.8 890.0 50.6 43.6 94.1
132 1670.5 626.0 32.9 31.5 138.3
133 1682.3 998.9 25.2 21.6 19.1
134 1683.0 1061.2 22.1 19.7 6.5
135 1686.1 688.8 35.6 29.8 170.4
136 1691.3 514.1 59.8 38.7 36.9
137 1697.5 799.5 22.1 19.8 156.8
138 1704.0 953.0 35.5 23.2 154.1
139 1737.8 1165.3 92.5 63.6 158.8
140 1741.8 603.8 30.7 30.0 40.7
141 1744.7 1022.7 35.6 28.9 12.1
142 1747.2 728.3 37.3 30.9 10.3
143 1776.0 954.8 29.6 21.3 7.4
144 1785.1 845.8 59.3 51.0 150.2
145 1837.1 666.7 58.4 51.5 38.6
146 2057.4 929.8 122.5 70.3 162.3
